$ANSIBLE_VAULT;1.1;AES256
63656365656262353639656139633133383332336230386561356364316337623063326666653439
6135316236316164353232353534653364363334336231360a343834366333623561333761376265
30313038666437383136306337613461643162656132626332353066643533353339663036663230
3139383832663564620a336332613638646538313734353766353330373265376637666366386239
33363634396633646333306135373536653536613534386239353062316637373432323439336361
38613438306566653763353839386137386462653339396536646161346462626230653663343538
33333039383665633762306536353930306233326537343763353631636439613436653861313163
37313234343433343434346166363162646235633337633031326230383333386663633064626133
35653232643331396362353330356330626665313033343035353933663362643738393131633966
62376530333161303535643231356635353839626666363534633035653134643362323737653462
62366466356363636438333737376566383964633430336239383265343231383965396431613064
62666533336432373134653332393137643466383034313365336566616635633836383531613465
38323233353130326162643135663663316264353130653564666136326238393439633638323035
31623166633662313464343835313965356635303434343431363362653530323831303261663737
34343665373265326536356434333431623031363734613730643130333338643431373930666337
39393363653631313438313030366234316630366464373934393032646230303263323334656238
35313265376563656466346635333538386663653364353062393664386635373233636438613937
33666363323466366566396265343763336438393632396466323438363137303538613764343131
33366265306638386435633432636135303136343132626333663238373633376132633533373537
38666436663132313937346433653339623231653465626333386162313535303063636432656331
37633131353633643761383935343166363639633234363962323030646630393162333334636530
65383138363039306664333438386261663639346466363333373464343131343964623237646663
63323863623536313963613632646335343033363931323461316131623133383463336432326432
32306366643330386562363962306563313333336437313666626366333964626135663863343032
36616539343632323937346363656332313731646261363861323634666533663533613337346239
63393536336133326237626536653138666661303137653965393962393164626362373061333766
39363031363432623630643131646130313834653637643539373030313461306566336631666139
33653064346261343836356464346535636238303735653734383839613336396365396334303235
32393063333734643838303331633735303939613665306532656238353737633139636262623963
38363861333463313838616533363031306361323837366433323631663466356535326363643761
31643334336330313462303934636362316563653739313265316365653231346339306134626462
30623461643065346434313034623032666236313932336132303332313530343466636333303861
39323133643738313966356237663933363566323533393338386463303931366137313638306632
37623066393363366137303964366336623535313038653235313262386636643965643438353964
39396261316334353566636132343037656332653137306336663332623539313336353666323539
66303164336266613361653666353938643139653764656437666535363766383832313466363535
35313138616364623662366636346434663837616562323033313633333239303832323936363231
65326639646462343365376236316635303738636536363530343034623662396339336336373262
32323136363762383566306434616262616235616563323037393537386466346161663833636130
61376262333062333932323963313330336336356232386263336261326664323634363930353561
37326232313363656134373464313334366662626633653466353365616434373830396236303064
64636563343635396130316435356562366339613434393831303763653532383966313665646137
63373433343665313565393231303535353936346536666235336562313163326334663839373830
64623162343939633565376232613437333031663536323264613662616334386264393735306235
66336234356336323435613266313736333431616561306439346439663639646533343438303435
63343237353632393536393261346237343436326533396338333261623137386633396139643131
36663934366535383131633466653964386265373563383737393464386433343831386435363535
66303762306164656532623738383738353032303031393030363733633362653436633735643738
33623339656433656336656333386565373735353432613832366630626363316561643738386330
31373965346563343836303231663930323264393764396238373032646433633336336432363064
66643232323066316561653935303761313438346435373939386263373937343338306266613562
34326164306466343065303637363133353030656664663465356534366438653830323736613637
66393964326462326330396362363365303766363333323763373636616532376363653238303364
35323166353839373565333036313062666238623532316664636638336233616261333735613231
32633133646665623038646634303364333865323738383961373839333830363462636663646632
66646562663331353063363430656637336438393766646638643532393932333861376666323335
33386262363533376366393937366633383066633364346632393936363736303335363464316638
36373335363535346266663363616237653965376539616336663361343935346232363864306233
62363965656334613833386534303232613532663761306263323763623236353966623061353561
33333831653464363463663332376538383966303365363237363736633337376333616536366166
39636239323630373763663333633436623230303134636335303130623438363037333337646264
37326434616333646366666266346563373630626533373839333733316438396563613639626434
34396638616362633662366564623064316263323536323238393238666331623939336361643930
61633361353638623432656337373531663864336363393764343261396633383632326566623435
33386565663864613165613032616562393835373966623039316231343232363032626335613865
35323236333835326561373136663439313437636437396337303232633737373034383231613236
34653636646335623034633564623832393732626634333838636463393165656465363439623637
62636261366565313764356461343830383563646464313261386232323239363064653361333433
63346335643233373031366531373035383265663564636437663863303465323538656537363533
61643836666531613562376264396133613838623931646338613436623733323439343739666436
30383531346633313531616465353062666339643131613664356337386634313638646431656133
30323231373564333338383235313130343639363733373032343861626535306333616136616564
34386364306338323131653038363166316532643139316135356261613830383131656539313131
33393666383061376236316662663033653732316430393935373664643635376330633732393733
36613732313334666361356266363766643235333862373437306564663563333636363465623766
62626165626564633737366534636236343764383939666636366332643163326164323666643534
39343437613037323836363839633062336434326437323737306438643035646132623762636531
64626533373431386135393033316463343061323639333861613333326131353638366639306335
34303565343237363734306332336161653661393130356335343537333966303562373935383566
37623562613132366166626231343461646532343138663632353836656236666231346561636462
37376363613730376361633561386561303964303639633466636534626633353731326661626665
34666133303337326339326661336436313236653166626332306433663663323436366263646664
33303362323633666564323830356663363537386134653937336333306338663336613361333136
36653732386431383563643862613065323964373734353565303239396161353461653166323837
65623637356633666161643635323638393365366635323061613933613261616330623964393731
35636439303066396665646630356533353839346262393339663462623766396631353437393763
62666463353635363637643435326339363963313163386564316163393462396661396532316633
63343534323636636531653831643330643239656136306634363731336362633761656266326638
65386164376435646564633130643737613132313832323837376166326230633137633963623462
34623266363934303035626435376134383932336633316638396237353537393432666436313265
30623834353139396636366161353533643164383330646464353166653130393062653931663365
32313566343061326437613233663165626634613831343663653130646131653232373431383337
61633635636366633237646634343861373437366362363936613538383433336261323838653964
66363937643863333139343939653164353132343238343637636466653063393864393636653430
37653631366239636464336536636339323930363132323836326563626334663733663833613561
39633331626264393132346430346662336234383161303636393535623063633961666632326262
61613537333566313362343131646232663462383066313666623363633163663466626462313466
35633430323764663030633861636137633966383236623461383031353666646335373537633365
34633565383434396564313132646534613664303538383561616263643736626335363335616136
36343032333139313835666162303762356439316132313635326235323564613166626634393962
39643939623836306338376236376661396531393263653734353738333931356136393162393761
65356162316238396230653961666635313033633533666237653830626538313035656161363161
33656633616263316161326537646538613133393861636132373937663339623534626362383935
64333835303135623666323964343936663063666564643864326561363637626138343735316339
36646165636336383037313333373136656636313535633366656635326565396631616332666264
62373038616337316334396532363864653564653839626437306638393239656234636533343435
33643463613738376438666132306633656664353838313037613661353266643135623064343963
38363062383164386630346635373133353362393862303034623630633832393139333331313564
34366562346164303338366661336563336465336466653437343132346632386539373737353330
30616638663062623735646532383962626535333738613264333363643639396539343237323834
62636562633731306366303164353461303965653138333062623766313334386637356665313334
35623661333939313538643332656166336337656364343764353532666636623661383639353963
36336366386436666532323536623764643263656130613830623866666139363434396534303033
63376465386331303862363330633564613335326361663931376165636332653336353933656538
31356331303032363462636664363235313565303462386430633261316466613039613265346335
39643737613637623939316636656566386134646231376237306336663665643233666161373630
62666333326264656336393334396234633734363463373439386264363864303134306466613161
31376439643665323131666465303265333230336437643164303964626437393162663161373633
63333731323233393862376231396166306464333534643566363237633561326563633966613438
65376161633364393566396265616335376532316137383037323338393837373265653836386564
30396631353565373266376235343265356637613834336161643061636533383664626566356134
33356665646130396534393934353931643336666566393430333432353430396331386533653531
30626665383165343964363764343861313966363362373332633466616165333432613239363164
38646131623239303266363733336437623237303264613037346634653762646430393936373436
30373865626434326530313632396364633564316133663430313939363235616133616537313966
37613732313262636163376362643064363036373365633735663737363233666630646137323938
66646530373361316564643461663235373737303039626339663333626130396333373132323336
37386266336263333864366532373861623163356662343439343233613334383035373439663538
30313632306136653334303366376130393135356132643233353466303333613833373033656632
31333532356464363135303532666362353461373830636564646331626637313435346366616534
32376465393235343234636133303230353430656463363630313365323965373231346265636466
38326439383036656237353062333261346538376336303537333865643832333238313266336335
30343431303032346335373937646531386237306632393234316162323631323935333135663864
38663932346530613534373161346266623965656135306439623661666265396461373035353264
35353531366633653366386234376437323631306636386263656332353937656164316132633932
66666161346436333030383732363338336332326264613333353762373236653362653537363862
35613363326637633233343937616633383166383462636330633738613038363431663464626464
31363062346139306466313332326266643862653761643338373263393130663263643338393733
36663937643039333031643037356363653863336161626336303863303333623036643466656439
30376638663939313732623239386634333262393861626230613837613464316138643938616165
34626264643936343838616231333532616531663665313532343063613733353434393666383838
32333432356165646466643433663535346361636130363161373561363130303931376236363262
36323666343039383532356630643163373434373461353030386134346338653438383565316362
65636230633763356263303932636438326239343564643331653038326533363866633131333039
38633266353137396565663636353931656638343266303964616363356633333835653163343637
37326338333137386334323064613063323935376661373765613830623461666365303134326361
34613335356435316231323836336161396539323839383236626464643632333030636134323436
31313737396566393262653439353261373866643233633632383934313930303465626539353165
35613138313038653331353462663535303634386637396464313337333734626332356535383565
32626164353562343062343839626363333462353938616261616161663639366339396335393131
38303831373431376533363963343431316339326134373561326134356533326363663632633937
35636431373562356235616466376665623736366132666461623738386431363131613966656634
33333161396665326132616533313938623235323465353837313236393061326632313630376330
62306336306465623564613536643738653636383832663239643135343135303062663462663435
38303864323530616337326463666566666233393533313165386166613437663036653961393632
30663863326162373131366231353938633836313735306662353032366337346536303766633137
30623833353765326164626633636432666536656530336661623532613635663231643834316538
66613932376161376230613266636162316234376232636433646661363830643566353563303163
65333232663132656138303263303732636466356263376232663035396663306164386264623531
34343238663061353563356330653739396632653164303037626362363434326531373331663132
37386138343464646231346161613037363966656638383836633232396662313834346134396261
66373039353134653639396166656663333962613033363134336239313435326265383031663333
62633532313532623336363832393630333032646337373965333230303966643336666438643736
34393735313263636238303333393932653938313436636339303462356133643163636336313936
37303230643665343431636564323330316633643236343963303461333537376566353339613339
39616461633664663835353866643463363861666565343337316165613732656462643535623465
36383263396361306432353463623763376465366535346532363432323734643263366132326434
39376462353862616639323632353565366634663831383664303262333630343730646137653566
37343037323030336535653733616639376235653538323266623961626365353434396362663265
37363264336162633931336337626261393831393535316538623932643835613962306231353237
31353236376330393965383330663335336436636364316537326563666365646632663461623166
31643566643138333265343033343930363332393131386164363837313565383737613232316430
63373034353066343432316339646563366134626433383136636163373166666535353634343230
61636362316633346631613534656536633137303161373037326462343535643336336438393065
32626262653232373064363234343633613665613837316362663466633365353331653861386633
30356337356132646664626630373834363162383363623239653665613039613736343930666331
66626331386166616236393633303738383063366263346432393236316434343930643931616632
34313761656135373236306661363530616232383232666334323430353538333033656662346439
31366663306561393539323038333439323236383064336366663639616638366134313861653564
63333839333838353338313839343766636461396263633136333530376132333163666433346333
34306439626136306162376161303039346335313031623363353763383162333661393233366337
34313865393531626434633535316133616231623734386331343064653664636361356566646264
61366335326535633063363431613439306536613566633331333631666436633935303738623030
35656163663363363439353965333837376666383936313266316163346661323264373636376161
35663237393735396537383730343465623139376562356232343731363962313132373062396133
31356263326533616438343962626261363035626139653731363634656136346634316362346133
33353666633561303163393039373832666663346231613536323038633466643561303064643837
64353030313231333261376139653363666261306230626535303436646234363536643231656662
31353133343061633538393831646336636466313265353962313334333064643666366565626166
38313466646137623639626635396539323535303462633032363738613063623035316666613537
35333166306432366538303265366364303765333362636338626565336636616661303561363062
63343939656464653336656439623563343731396139663339366430316232656338653131396239
36666165353730396261663963336433363366376661653633323731343236633962303465653135
37383064316336373565373633643738356431326430393234663435306562383838646166343438
33376365313261336364336335613766653964653438663764376466633461383862333431333464
65623566303838666235646665656236616664643163623232303464346539303264356162663939
35656130373039386334613364643165626534346136636634663534356664666337323261383132
65353336613766656161396363396437373832393730643861393136303438333363396662323565
32376434653935663764366362623165646430343461333330306230326231633461353661643138
32633937616463396331303238656561666461613235643733373963356537383362643331356464
33343531633535363331333834343262363333363936303233383038653064323266383336343837
31326262386665323862313537666265363236613437333066343033653463363665643131663831
30313431373362346534633434643666616437623236646235343637626437643334623631393938
37613930383031633136346235336265653361383861356164353264396636666434356132633364
38663533383534666561623537383534326165373935323561313631336435643634616231616632
31386461363366353030656635646266613437326639653066393331663662353234303330666466
61386462623133323063343834653839656331663165333033613837386661313234396631663934
33383761323566646563386534386235623936343930306333363166396336393962343433343661
33306366396136626533633562303230336561383765633763303765613339613265333732316433
65633461376338306166623064313430303836613338383133663765393430663433643232383535
33656438326337363235633934353536656431383165653732336332623931356139656662626164
65613934396163373066643235313365313939613462636662346332383738323536343035323466
62303130383866396166613836343765356565653163386139393461636431626431346466323837
35383234613636626561636232313261623939363364656163663835356139666635666466383436
30303930356537316235613966616334316264303364383263366331353634353736636566653866
38373564356135316239313538376165396465366335613331623335356539356536653039376363
32306335383936383937653364376232396635353532313230333432386438346334646661326438
35613066346136643732343839646630613166313830333531626439363963396165366166366362
61356338393464626137393738646131363132386534623335623237326565323263373737656131
38396633366432666566333263383338636635363234323830383336656136613438336166303235
64316234363733663031363063613737373234613062643438623066626363333133323330393239
38356639313939346463653530383864383231336466323261316461393835323531663438393539
37386232376632613565323237336131333835363433646539383931616639383037643039303431
34393136626566336163643666333061626165303330363336626265366563343435323436613261
61616539376130663838373330346238363135663835353232356338313461643637313731346366
64636434663234663462643666326231626139353262336361646637376165336435313364356465
32666364623961663931636133353632376531346531323239313637626263303439323031323865
37313664643530663661633537366535613837653035633261396262313635373964313833363466
32323632663235633465383433316636313632366463386662643030303134303064323134636462
33353635343966393531343865366133616537323165313663396364306232363736643064373635
63616135623432616662313734356231363332626634653036363237383063356437636538303733
38343730343631366634356231333832313864666437633030323661303132313336376536663436
30386536323566643161343961613766343836613761646135623162373039656661643434323834
37633639376336633966356536613631643563323939346265336137626162613736373539666130
31633535373832643236396637376563373962333330366462613865346331633435643637386636
33656462356265336135396331633765393239663466313130306237643438646461623762653364
65666563356164313261313361396539623466323365373661623336313263346530383735643662
35363134613765323561383538323036373163366332333164636565306236616563613237613834
35313566316662343235336139613730646332623938653134393137626435656336633039663033
35393935333936383562353166336463383164613663303933613966333136376565643534656530
37623562363862353039656339333932303230633335366234383938363162326530356633313031
65613363353764353538343439663038623639383761356638383331323665626630643561363766
66636332393362353732316231313465343334616539363464306337373135353630323565343634
39666132363066363364646564356164363965323232323034633739353434393338383362613735
36386632376630363835383935633666653837316266333635306434623538396130613262633034
36636334666434326134656464353939316632643836613061346163353337633532343065326232
36363834336462643130333739663062326666393633626662393435346361646261306438323339
31313466643264393962313863346164373232353635316230363461343338333431346562366530
38333166666430336563393066636639633463653062356534396238373432313233653031393733
37613963633338626166623332303065303937323330613363326534373130333965626363373638
63623763646330646565643465353164663738363238623661633734343562353065373836346365
38386332326630343765313165316165613666643533363262613031313264303535313231326365
37613863396562623331303533386634343439363439623133633961343761363331396339353131
38316438373836353135323861363865393439396535383534636536363637643662373835326138
30363136323466366164666633663335313930643230363536643035663963656431656661383965
65376630613864663537666131306334363062613731353236366532393664376537393131306435
36643138653632333134383332363666363336366439336362663564373538666638363332373466
3935356662376562636264303231376538623065643135366138
